"y" <- c(68.8, 89.8, 40, 61.2, 8.8, 59, 57.5, 65.8, 50.9, 79.1, 92, 84.7, 60.6, 38, 32.4, 76.6, 76, 38.8, 53.3, 81.9, 51.7, 54.4, 73.1, 51.2, 50.8, 37.9, 49.7, 57.2, 68, 50.4, 73.1, 104.5, 30.1, 29.3, 80.9, 50.6, 51.8, 57.4, 50.4, 71.3, 61.3, 58.7, 78.6, 54.7, 62.3, 47.6, 26.2, 66.5, 65.6, 46.4, 78.5, 64.9, 85.6, 52.6, 47.6, 51.4, 41.6, 41.8, 51.8, 21.2, 54.3, 35.1, 55.5, 72.8, 53, 69.1, 42.3, 62.6, 61.1, 44.2, 64, 41.8, 50.5, 57.3, 56, 68.8, 75, 56.2, 86.9, 77.8, 69.8, 59.5, 73.7, 70.5, 52.7, 41.9, 64.8, 78.8, 59.7, 69.2, 11.5, 70.2, 76.1, 44.5, 80.3, 57.3, 72, 78.3, 70.2, 36.9)
"n" <- 100

